46 22 68 40 16 44 22 54 46 46 64 32 32 16 16 32 64 32 32 32 64 32
4096 2048 4096 2048 4096 8192 8192 16384 8192 8192 16168 32552 32660 16384 8192 4096 8192 4096 2048 4096 8192 4096 4096 4096 4096 8192 16384 32768 65536 65536 65536 65116 32628 64976 32628 64976 65536 32768 32768 16384 16384 8192 8192 4096 4096 4096 8192 16384 8192
114902782 114902782 114902782 229805564 459611128
1048576 2088800 2086016 4160896 8355200 4172032 2086016 1045792
16690816 33277952 16592896 8314880 8314880 8290304 8339456 8351744 8351744 8339456 8364032 16737280 16757248 33524480 33494528 67004032 67004032 67056448 67108864 33554432 67108864 134217728 268435456 536870912 268435456 134217728 67108864 67108864 134217728 134217728
29 26 55 23 55 29 60 31
175575006 338145246 676290492 757575612 372014046 200231919 600818680 298828796 597657592 178104303 593442808 296721404 593442808 297474044 300484604 601972728 601972728 299982844 298778620 295108604 147554302 144113662 147783678 147783678 293961724 296255484 300269564 600539128 600539128 206274543 603119608 301416444 301416444 150421502 75210751 150421502 75497471 536870912 536870912 536870912 268435456 268435456 536870912 75497471 75497471 150994942 150994942 301989884 301989884 150994942 150994942 150994942 150994942 150994942 75497471 536870912 536870912 268435456 536870912 75497471 75497471 75497471 536870912 75497471 536870912 75497471 75497471 150994942 301989884 150994942 150994942 75497471 75497471 75497471 150994942 75497471 536870912 536870912 75497471 75497471 150994942 301989884 603979768 209715183 603979768 603979768 301989884 301989884 603979768 301989884 301989884 603979768 603979768 209715183 209715183 209715183 603979768 301989884 301989884 150994942 75497471 536870912 268435456 536870912 536870912 75497471 536870912 268435456 134217728 268435456 268435456 134217728 67108864 33554432 33554432 33554432 67108864 134217728 268435456 268435456 134217728 134217728 134217728 268435456 536870912 75497471 150994942 150994942 150994942 150994942 150994942 150994942 301989884 301989884 150994942 75497471 150994942 150994942 150994942 301989884 301989884 150994942 150994942
0 4 12 14 12 20 10 10 16 16 32
150994942 75497471 75497471 150994942 301989884 301989884 603979768 209715183 603979768 209715183 419430366 209715183 603979768 603979768 301989884 603979768 603979768 301989884 150994942 75497471 75497471 75497471 150994942 75497471 150994942 150994942 301989884 150994942 75497471 150994942 75497471 150994942
32768 65512
