8 8 8 8 8 8 8 0 8 4 11 36 88 200 148 222 256 128 64 64 32 64 128 64 128 64 128 64 32 32 16 32 64 128 64 32 32 64 128 64 128 64 128 64 86 64 32 32 32 16 8 8 4 4 8 16 8
32768 16384 8192 8192 16384 32768 32768 65536 32768 65536 131072 65536 131072 262144 262144 524288 524288 524288 1048576 2097152 2097152 4194304 8388608 8388608 4194304 8388608 4194304 2097152 2097152 1048576 1009696 2058272 2058272 1048576
75454463 150933502
229805564 459611128 459611128 459611128 459611128 919222256 919222256 919222256 459611128 229805564 114902782 229805564 229805564
1 3 1 0 2 3 2 1 2 4 2 4 7 12 5 7 3 1 2 1 1 1 1 2 2 2 1 1 0 1 1 2 1 1 0 0 1 1
63520 126368 252736 243328 262144 262144 262144 131072 65536 32768 16384 31616 29312 57472 29312 14656 27584 55168 29312 15304 7472 3664 3952 7904 3904 1856 928 1760 1760
136 88 48 32 80 112 232 196 98 226 107 83 113 232 128 256 512 256 128 64 123 233 112 60 64 124 64 128 64 64 126 64 32 32 16 8 16 8 16 16 16 16 16 8 16 8 4 8 16 16 8 16 16 16 16 16 8
150994942 75497471 150994942 150994942 150994942 150994942 301989884 150994942 75497471 75497471 75497471 75497471 150994942 75497471 150994942 75497471 150994942 75497471 75497471 75497471 75497471 536870912 75497471 75497471 75497471 536870912 268435456
44 22 51 31 62 164 62 30 79 207 107 86 107 86 40
131072 131072 65536 32768 16384 32768 32768 32768 16384 16384 16384 32768 16384 32768 65536 32768 32768 32768 16384 16384 16384 8192 16384 16384 32768 16384 16384 16384 16384 32768 16384 32768 16384 8192 8192 16384 8192 16384
