1
300 300
???????????????????????????????????????????????????????????????????????????????????????????????????????????????????????????????????????????????????????????????????????????????????????????????????????????????????????????????????????????????????????????????????????????????????????????????????????????????????????????????????????????????????????????????????????????????????????????????????????????????????????????????????????????????????????????????????????????????????????????????????????????????????????????????????????????????????????????????????????????????????????????????????????????????????????
167 ?
188 |
161 0
450 ?
452 ?
406 ?
582 ?
473 0
104 |
437 ?
586 &
170 ?
482 ?
207 1
170 ?
185 0
151 0
441 0
136 &
456 |
345 0
118 |
19 0
199 1
586 &
178 &
368 ?
74 &
534 |
466 |
525 ?
179 1
467 1
195 ?
71 0
94 |
80 &
157 0
427 0
520 &
121 ?
556 &
456 &
150 |
147 1
84 |
470 &
427 ?
486 |
20 |
383 ?
82 |
217 0
478 &
474 &
359 0
542 ?
160 &
175 1
212 ?
217 0
524 |
579 0
494 |
177 ?
595 ?
389 1
298 &
113 1
126 |
100 &
492 |
486 ?
206 |
250 ?
176 |
43 1
168 |
447 0
514 &
138 ?
539 1
292 |
460 |
86 |
442 ?
168 &
386 |
510 &
591 1
35 0
397 1
415 1
285 0
362 ?
323 1
244 ?
302 &
348 &
364 |
479 1
205 1
228 ?
550 ?
370 |
462 |
571 0
526 ?
147 ?
513 0
329 0
365 ?
312 ?
106 |
203 ?
45 1
427 ?
293 ?
219 1
170 ?
164 |
290 ?
441 1
225 0
52 |
236 |
30 |
36 |
465 1
480 ?
453 ?
413 ?
594 ?
155 0
417 1
257 1
349 0
351 0
554 ?
55 1
180 ?
261 1
342 &
172 |
168 ?
55 ?
436 |
378 ?
201 1
459 1
422 ?
572 &
586 |
567 1
71 ?
289 0
443 0
547 1
258 ?
574 |
191 ?
302 &
362 ?
311 0
79 0
67 1
303 1
97 1
585 0
462 ?
155 ?
586 &
412 |
299 1
296 &
527 1
361 0
314 &
81 ?
541 ?
19 ?
255 0
123 1
27 0
122 ?
387 0
559 0
508 ?
284 &
83 1
342 ?
289 ?
146 ?
322 &
137 1
457 ?
82 |
385 0
14 ?
535 0
113 0
85 0
437 1
157 0
229 1
83 ?
33 ?
92 |
31 1
321 1
270 |
536 &
193 0
245 1
331 1
126 |
572 ?
318 &
497 0
310 ?
403 1
259 ?
43 ?
235 ?
344 ?
209 0
122 ?
426 ?
209 ?
33 ?
326 ?
30 &
349 ?
407 0
288 ?
335 ?
64 ?
353 1
513 0
463 1
525 1
203 0
137 ?
97 0
36 &
575 ?
465 ?
95 1
225 ?
153 ?
27 0
362 |
10 &
269 1
509 ?
112 |
517 0
366 &
575 0
383 1
278 ?
446 &
71 ?
486 |
599 0
532 |
478 |
378 ?
374 |
376 &
7 0
518 |
535 0
426 ?
17 1
463 1
507 0
522 ?
28 ?
73 1
240 |
278 &
282 ?
521 0
78 &
171 ?
294 ?
145 0
480 ?
470 ?
263 0
525 0
315 ?
285 1
548 ?
43 1
309 1
591 1
315 1
43 0
