500 2000
399 322 1
66 496 1
229 260 2
228 20 1
91 395 1
183 260 2
49 361 2
58 34 1
9 351 2
186 242 2
451 496 2
98 73 2
111 490 1
18 361 2
146 487 2
407 310 1
116 170 2
158 104 2
150 242 1
322 22 2
208 43 2
400 419 2
163 350 2
176 393 2
435 350 1
436 180 1
114 163 2
320 163 2
5 127 2
493 361 2
85 14 1
325 262 2
267 218 2
258 195 1
8 322 2
65 73 1
424 319 1
225 262 1
154 308 1
286 498 2
73 23 1
328 56 1
412 351 2
458 221 2
175 434 2
476 476 1
316 34 1
395 73 2
447 262 2
262 260 1
1 195 1
6 22 1
486 180 1
445 139 2
97 73 2
53 141 1
247 498 1
212 419 1
197 361 2
385 395 1
388 310 2
157 34 2
52 218 2
324 404 2
369 221 1
186 361 1
216 375 1
59 71 1
267 221 2
177 43 2
428 221 2
303 441 1
280 404 1
169 310 1
452 43 2
482 442 1
467 141 2
63 375 1
175 139 1
61 498 2
159 22 2
238 319 2
422 393 1
477 23 1
162 404 2
150 211 1
54 308 1
125 180 2
211 310 2
388 221 2
410 170 2
309 141 1
173 44 2
317 71 1
469 322 1
40 208 1
499 404 2
253 56 2
279 260 1
423 34 1
464 139 2
122 496 1
343 393 2
421 242 1
16 195 1
329 322 1
398 34 1
230 375 2
367 404 1
152 442 2
461 260 2
14 218 2
3 404 1
177 375 1
361 308 2
85 73 2
232 442 1
202 393 1
11 351 1
300 434 2
91 141 2
96 22 2
45 195 2
385 139 2
412 498 2
89 211 2
272 104 1
67 375 1
335 404 2
172 490 1
459 12 1
426 262 2
287 43 1
332 466 2
23 34 2
280 56 1
214 387 1
435 376 2
285 407 2
463 195 2
364 442 2
201 393 2
99 441 2
470 71 2
378 361 1
500 14 1
291 351 1
149 242 1
414 466 2
418 104 1
437 73 2
260 260 1
352 22 2
226 351 2
418 211 2
415 350 2
52 404 1
354 466 2
308 419 1
201 163 1
481 487 1
54 218 1
362 14 1
415 71 2
187 395 1
107 319 2
157 262 2
434 375 1
253 322 1
273 195 1
14 170 2
104 127 1
288 407 1
425 376 1
139 127 2
495 498 1
43 393 2
132 208 2
418 496 2
170 71 1
353 308 1
262 487 1
78 180 2
86 375 1
1 211 1
311 466 1
73 195 2
182 163 1
455 23 2
236 221 1
87 361 2
12 208 1
339 20 2
484 322 1
60 310 1
11 208 1
204 208 1
361 44 1
432 387 1
255 56 2
171 23 1
32 221 1
126 466 2
68 208 1
33 404 2
52 395 2
48 496 1
95 260 1
431 407 1
353 22 2
446 487 2
421 221 1
378 375 2
454 375 2
351 141 2
477 407 2
198 361 2
1 43 1
415 221 2
219 141 2
70 260 1
37 376 2
1 487 2
291 14 2
325 12 1
421 73 2
406 434 1
333 170 1
386 44 1
413 43 1
206 141 2
1 44 2
50 71 2
430 419 1
192 442 2
284 387 1
1 361 1
417 253 2
275 253 2
387 242 2
403 496 2
14 434 2
53 498 1
53 350 1
445 23 1
454 22 1
178 71 1
28 351 1
425 419 1
88 170 2
479 14 1
340 73 1
386 260 2
137 393 1
40 23 2
17 260 1
107 218 2
303 180 2
37 375 2
80 419 2
284 211 1
420 407 1
108 376 2
182 476 1
60 71 2
371 395 1
373 496 1
415 71 2
169 73 1
297 351 1
157 351 2
240 487 1
301 498 2
371 351 2
439 44 1
436 490 1
210 361 2
28 253 2
311 476 2
386 180 2
131 242 2
30 14 1
488 419 1
245 20 2
209 56 2
168 310 2
242 442 2
433 211 1
359 139 2
53 498 2
104 476 1
343 141 1
396 361 2
237 262 1
307 253 1
330 441 1
197 71 2
203 141 2
373 12 2
151 322 2
273 139 2
178 442 2
408 310 1
402 260 1
116 73 2
115 407 2
5 407 1
79 498 1
14 351 1
31 141 2
52 319 1
228 23 1
172 12 1
206 442 2
417 195 1
459 170 1
351 127 2
102 34 1
350 34 1
27 407 2
350 310 2
120 419 1
391 350 1
116 490 2
84 262 2
320 310 2
82 476 2
384 308 2
38 127 1
37 395 1
350 310 1
223 14 1
408 393 1
215 20 2
168 195 2
44 43 1
443 351 1
290 104 2
458 490 1
245 12 1
187 419 1
180 195 1
472 262 2
116 375 1
178 170 1
129 498 2
109 56 1
362 211 1
278 490 2
121 73 1
296 44 2
267 20 2
194 476 1
324 404 2
51 139 2
484 73 1
17 208 2
499 322 1
416 12 2
1 350 1
1 260 1
436 56 2
10 322 2
403 43 2
216 253 2
212 43 1
431 23 2
313 404 1
295 319 1
99 141 2
163 498 1
245 393 2
44 34 1
15 387 1
430 195 1
166 180 1
135 73 1
484 262 2
92 319 1
107 476 1
232 375 2
141 498 2
118 442 1
340 242 2
415 180 1
49 404 1
237 498 2
393 71 1
220 375 1
84 71 2
211 208 1
76 71 2
375 221 1
157 34 2
302 496 1
298 441 1
64 180 1
99 260 1
218 73 2
250 361 2
31 71 1
193 104 1
337 395 1
70 34 2
125 104 1
8 442 2
175 195 1
25 71 2
191 375 2
19 260 1
191 322 2
1 221 2
329 407 2
359 127 2
90 419 2
222 12 1
206 376 1
1 12 1
312 490 1
361 376 2
207 387 2
437 387 2
399 319 1
306 322 2
147 180 1
299 43 1
145 253 2
77 127 1
42 73 1
339 319 2
203 351 2
303 441 2
454 434 1
55 441 2
488 253 2
407 218 1
137 350 1
1 14 1
166 496 1
370 141 1
484 419 1
367 22 1
285 221 2
394 139 2
203 221 1
383 141 1
1 441 1
210 208 1
361 376 1
313 387 1
483 104 2
421 170 2
325 262 2
471 387 1
428 260 2
267 127 1
110 361 1
393 43 1
92 350 2
112 44 1
84 260 2
440 56 2
237 44 2
426 441 1
136 350 2
403 376 1
203 308 1
36 498 2
392 163 2
498 71 1
381 434 1
202 211 1
192 260 1
330 22 1
182 441 1
283 498 1
241 34 1
252 466 1
476 44 1
122 20 1
67 139 1
12 221 1
126 487 1
494 208 2
10 56 2
272 163 2
399 351 1
478 387 2
31 23 1
390 476 2
139 170 2
318 43 1
356 180 1
279 14 2
83 20 2
130 104 2
320 170 2
72 496 2
493 139 1
290 104 2
335 211 1
205 498 1
429 180 2
127 211 1
420 395 2
440 180 2
97 376 1
413 221 2
285 476 1
498 71 2
232 419 1
426 404 2
418 319 2
351 262 1
133 56 2
113 441 1
1 242 2
2 496 1
439 44 2
228 127 2
260 163 1
42 43 2
89 441 1
196 262 1
23 141 1
133 12 2
43 211 2
426 260 2
403 221 1
263 498 2
47 498 1
1 262 1
90 43 2
361 221 1
346 487 1
339 487 1
4 442 2
125 12 1
302 407 2
462 23 1
50 393 1
48 73 1
492 104 1
459 141 2
43 393 2
169 12 2
485 262 2
211 498 2
270 34 1
311 260 2
487 12 1
280 34 2
101 253 2
132 22 1
317 496 1
111 404 1
264 308 1
282 496 1
421 71 1
37 44 1
150 322 1
493 22 1
242 351 1
123 139 2
493 319 1
144 170 1
437 376 1
149 180 2
401 407 2
305 434 1
460 127 2
247 361 2
353 387 1
275 195 1
8 127 1
13 466 2
461 73 1
483 12 2
58 260 1
416 496 1
22 466 2
1 498 1
97 476 2
483 195 2
228 242 1
331 310 1
373 163 2
322 44 1
342 43 2
252 195 1
434 163 1
390 487 2
245 308 2
338 351 2
186 490 2
363 262 1
456 393 2
172 308 2
195 376 2
261 14 1
1 163 1
82 441 1
69 487 2
353 20 2
111 476 1
313 375 1
4 180 2
228 441 1
479 476 1
125 12 2
134 221 1
285 434 2
45 376 1
78 419 2
478 180 1
233 20 1
239 14 2
373 22 2
284 310 1
354 56 2
454 487 1
150 496 2
4 23 2
289 350 1
455 395 2
486 350 1
67 376 2
121 393 2
413 407 2
420 208 2
162 319 1
33 387 2
242 476 1
136 71 2
275 322 2
205 141 1
339 141 2
33 22 1
439 487 1
298 195 1
37 180 1
131 387 2
307 419 2
366 476 2
458 387 2
1 71 2
348 404 2
286 139 1
14 350 1
107 407 1
241 195 1
1 490 1
118 141 2
171 73 1
312 23 1
231 139 1
364 496 1
387 496 2
295 260 1
36 496 2
23 442 1
222 375 2
8 253 1
476 44 1
357 361 1
394 351 1
232 442 1
24 141 1
145 322 2
102 441 1
493 498 1
429 170 1
480 262 2
402 139 1
168 163 1
63 395 1
9 208 2
339 387 2
432 253 1
450 310 1
90 141 1
141 375 2
217 434 1
296 407 2
309 322 2
331 496 2
474 14 2
324 310 2
79 44 2
156 350 2
172 139 2
1 496 2
4 310 1
3 393 1
402 73 1
342 14 2
298 476 1
327 56 2
177 104 1
421 20 1
225 43 1
422 376 1
392 310 1
492 375 1
22 104 1
166 170 1
187 308 2
285 351 1
236 14 2
266 139 1
293 498 2
339 322 1
130 310 2
185 139 2
148 351 1
150 43 2
430 387 1
78 73 1
16 22 1
214 310 2
226 434 2
14 387 1
417 208 2
1 351 1
93 361 1
371 395 1
124 163 2
103 141 1
280 441 1
1 395 2
207 163 1
164 43 1
487 498 1
290 253 2
127 260 1
150 404 2
286 163 2
457 434 2
168 211 1
15 434 1
272 12 1
328 208 1
343 14 1
481 208 1
53 242 1
228 393 1
416 376 1
417 208 1
384 170 2
449 496 2
128 310 2
59 163 2
470 476 1
401 441 1
433 310 1
91 14 2
161 466 1
302 20 1
407 163 2
147 466 2
144 141 2
482 490 1
172 211 1
207 395 1
122 221 1
396 351 2
50 441 2
325 490 2
421 44 2
329 376 1
415 242 1
383 195 2
243 361 1
488 139 1
380 34 1
67 322 1
438 44 2
463 350 1
354 139 2
143 180 1
180 170 2
7 73 2
161 434 1
300 441 2
348 476 2
242 56 2
249 419 1
242 208 1
418 22 1
280 56 1
464 73 1
225 208 1
144 208 1
190 14 2
464 139 2
219 56 2
426 466 2
500 23 2
152 56 1
422 180 1
499 262 2
47 351 2
1 56 2
218 322 2
303 56 2
131 170 1
91 487 2
82 310 1
71 322 1
474 310 1
7 195 1
315 141 2
156 242 1
6 376 2
334 387 1
283 208 2
376 73 1
262 170 1
392 104 2
186 419 2
417 404 2
61 466 1
426 466 1
277 104 1
176 56 1
144 441 1
142 218 2
251 22 2
416 361 2
10 141 2
150 104 2
220 498 2
437 71 1
437 43 2
118 23 2
246 211 1
1 139 2
261 260 2
129 487 1
27 141 2
277 434 2
112 350 2
181 361 2
262 211 2
222 319 1
458 43 2
334 163 2
270 73 2
182 476 2
68 127 1
5 12 1
446 498 2
313 12 1
402 419 1
274 104 2
180 180 2
453 56 1
416 12 1
335 376 1
489 262 1
117 308 1
255 242 2
88 104 2
14 487 1
461 71 2
404 211 1
273 476 2
377 361 1
352 490 2
348 310 2
197 487 2
110 23 2
308 441 1
437 34 1
167 253 1
397 163 2
499 195 1
431 141 2
378 387 2
404 253 1
231 170 1
413 322 2
243 23 1
379 404 1
22 262 2
238 242 2
361 404 2
316 34 1
81 127 1
243 180 1
358 104 2
228 395 1
472 12 1
236 44 2
29 351 2
314 351 1
69 242 2
64 496 2
392 375 2
466 487 2
235 442 2
155 23 1
370 180 1
167 262 1
23 221 1
7 104 1
355 170 1
95 407 2
23 12 1
402 376 2
253 404 1
187 376 2
162 262 2
195 498 1
251 195 1
214 71 2
334 419 2
56 127 1
300 12 2
310 361 2
442 195 1
389 387 1
416 260 1
196 476 1
348 395 1
259 44 2
19 361 1
230 180 1
40 43 2
360 351 2
89 496 1
488 376 2
157 170 2
382 393 2
474 218 1
285 319 2
162 195 2
163 253 1
392 127 2
244 322 2
489 20 1
481 393 2
35 310 1
158 361 2
1 253 1
6 375 1
2 71 2
214 487 2
95 73 1
94 12 2
172 351 1
210 221 2
90 404 2
493 180 2
336 242 1
482 141 1
111 375 1
189 434 1
386 253 2
1 375 1
479 350 1
371 208 2
440 73 1
201 466 1
46 387 1
176 351 2
138 20 1
130 407 2
270 23 1
188 487 2
492 395 2
1 434 2
151 22 2
298 407 2
96 221 1
377 490 2
6 375 2
264 466 2
314 419 1
357 221 1
213 221 1
200 487 1
162 22 1
182 361 1
429 44 1
261 404 2
354 34 1
272 141 1
332 498 2
494 319 2
130 376 2
333 20 2
452 253 2
64 308 1
27 442 1
226 44 2
386 180 2
177 319 1
74 14 2
198 322 1
2 419 1
401 262 2
350 211 1
286 262 1
36 56 1
333 56 1
429 395 1
296 466 1
471 221 1
225 496 1
266 376 1
306 496 2
388 442 1
1 496 1
24 442 1
238 434 2
132 262 1
236 218 2
380 407 2
272 319 1
209 218 1
27 12 2
130 434 2
413 310 2
137 260 1
401 487 1
371 104 2
497 434 2
422 375 2
245 351 2
368 104 1
286 139 2
369 221 1
119 442 2
497 253 1
165 308 1
197 434 2
367 141 2
271 139 2
410 395 2
366 104 2
183 218 1
180 487 1
223 393 2
66 253 2
360 496 1
291 71 1
324 434 2
372 395 2
312 73 1
87 404 2
369 350 1
362 260 2
496 310 1
387 490 2
243 442 1
141 208 1
1 466 1
486 221 2
46 496 1
419 490 2
123 218 1
96 350 2
1 127 1
201 56 2
145 218 1
333 163 1
436 139 1
260 490 2
380 387 1
229 260 2
444 350 2
91 319 1
300 487 1
78 104 1
498 404 2
130 14 2
48 14 1
346 498 1
489 34 1
374 208 1
333 350 1
392 180 2
82 34 2
303 253 1
142 350 1
464 496 1
203 23 2
119 387 2
357 498 1
480 260 1
403 490 2
343 419 1
214 322 2
21 211 2
433 395 1
305 253 2
324 407 2
327 434 2
298 56 1
499 127 1
221 376 2
487 253 2
1 407 1
497 487 1
311 242 2
43 12 1
322 476 1
421 104 1
162 308 1
30 43 1
15 218 2
421 104 1
186 404 2
477 407 1
242 12 2
353 218 1
111 221 2
136 393 2
412 441 1
44 180 1
351 376 2
355 141 2
420 43 2
478 73 2
291 12 1
115 218 2
498 34 1
291 139 2
300 466 1
151 180 2
175 393 1
122 466 1
227 56 2
223 466 2
141 242 2
344 351 2
193 262 2
486 361 1
65 375 2
370 127 2
1 361 1
38 322 1
83 71 2
325 434 2
335 260 1
460 419 2
462 466 2
334 218 1
27 322 2
338 180 1
336 490 1
133 490 2
330 310 1
237 195 2
318 14 1
403 350 1
483 322 1
26 434 2
176 419 2
317 466 1
383 71 2
465 466 1
52 351 1
294 163 1
339 361 1
405 387 2
301 104 1
1 170 1
381 375 2
161 496 2
425 407 1
396 73 1
1 393 1
43 375 1
313 361 2
129 253 2
433 104 2
182 393 1
428 498 2
54 441 1
100 419 2
74 20 1
404 350 2
90 170 2
1 319 2
135 73 1
175 262 1
493 208 1
348 139 1
130 387 1
91 404 2
342 395 2
99 490 1
118 310 2
100 376 2
414 104 1
418 180 2
120 260 2
490 466 1
153 180 2
252 44 2
165 44 2
98 43 2
3 407 1
78 404 2
204 476 2
200 434 2
291 487 1
1 104 1
146 395 2
198 262 1
395 43 2
268 242 1
411 496 1
272 170 2
409 242 1
449 476 2
1 404 1
495 308 2
186 23 1
272 419 2
20 242 1
202 180 2
178 441 1
374 139 1
82 73 1
416 127 2
217 490 1
111 466 2
457 490 2
268 34 1
334 23 1
495 242 2
240 434 2
237 221 1
173 141 1
1 442 1
338 466 1
264 73 1
218 242 2
461 211 1
376 376 1
364 218 1
62 163 1
283 163 2
58 242 2
156 253 1
425 139 2
377 127 2
467 12 2
245 43 2
71 442 2
98 104 1
131 20 2
1 23 2
475 43 1
78 376 2
69 23 2
22 322 1
335 350 2
230 308 1
11 253 2
28 441 2
204 253 1
250 23 2
9 466 2
462 308 1
118 12 2
465 253 1
88 195 1
37 208 2
156 322 1
300 141 2
314 44 1
131 71 2
47 419 2
314 14 1
185 104 1
87 218 1
1 180 2
410 361 1
112 208 1
248 14 2
353 12 1
251 163 1
378 56 2
109 490 2
266 322 2
3 476 1
402 139 2
482 56 1
252 195 1
42 393 1
384 476 2
325 322 1
415 221 1
20 441 2
324 419 2
428 14 2
395 496 2
288 73 1
495 218 2
273 361 2
242 442 1
354 490 2
277 351 2
36 407 1
73 221 1
359 195 1
178 393 1
491 262 1
1 23 2
45 71 1
415 498 1
128 260 1
151 141 2
263 218 1
277 34 1
493 170 2
150 170 2
410 322 1
83 127 1
311 211 2
206 139 2
164 308 2
39 466 1
144 44 2
152 14 1
325 308 2
399 23 2
194 322 1
457 139 1
57 141 1
341 262 1
149 195 1
61 260 2
335 262 1
268 387 2
284 404 1
428 221 1
317 71 1
461 71 1
379 34 2
209 195 1
55 195 2
283 361 2
304 262 2
325 141 2
92 434 1
325 211 2
323 434 1
98 310 1
269 407 1
53 139 2
11 387 2
483 12 2
331 218 1
241 434 1
290 221 1
117 44 1
39 139 2
432 260 2
253 441 2
366 351 1
139 20 1
317 163 1
243 442 2
260 211 2
110 253 2
338 180 1
383 170 1
404 104 2
29 419 2
237 407 2
251 218 1
1 71 2
254 351 1
136 487 2
116 211 2
481 260 1
1 218 2
246 208 2
208 12 2
37 310 1
21 208 2
47 393 1
489 419 2
166 180 1
145 14 2
473 496 1
69 73 2
41 20 1
67 141 1
367 163 1
302 141 1
199 498 2
427 376 2
284 350 2
295 12 2
100 34 1
461 375 2
93 23 1
217 350 1
121 434 1
131 441 2
466 34 2
447 43 1
192 441 1
82 73 2
359 56 1
371 12 1
192 407 2
409 44 1
225 170 1
325 208 2
208 407 2
393 12 2
126 195 1
1 376 2
371 22 1
37 208 1
424 44 1
179 71 1
63 350 2
268 163 2
143 20 1
38 434 1
8 22 1
246 141 2
493 180 2
96 361 1
408 262 1
106 322 2
416 104 1
9 20 1
167 139 1
456 487 2
40 242 2
32 242 2
353 490 2
66 404 1
156 260 1
94 375 1
1 22 2
468 44 1
278 180 2
82 43 1
241 56 1
193 170 2
248 419 1
155 322 2
261 350 2
381 71 2
170 319 2
156 56 1
75 393 1
421 208 1
427 43 2
458 43 1
484 407 2
172 376 2
381 43 1
262 23 1
377 404 1
397 180 1
193 387 2
270 170 2
419 387 2
211 351 2
162 319 1
109 34 2
108 476 2
357 319 1
422 496 1
281 163 2
288 141 1
445 441 2
141 319 1
490 34 2
381 141 1
285 361 2
395 211 2
207 170 1
38 490 1
294 308 2
434 208 2
193 195 1
358 221 1
166 104 2
157 23 2
165 14 2
438 141 2
238 490 1
388 487 2
184 262 2
72 351 2
20 262 2
258 496 1
172 260 2
301 442 1
180 310 2
76 242 2
257 260 1
418 395 1
351 442 2
452 14 2
193 490 2
260 350 1
438 218 1
494 262 1
342 170 1
477 195 2
478 262 2
70 56 1
129 43 2
477 218 2
47 442 1
477 218 1
60 163 2
37 393 2
303 404 2
72 407 2
52 442 2
124 34 2
211 43 1
86 170 1
463 180 1
17 242 2
384 253 2
396 253 2
30 23 1
125 211 1
40 218 2
177 490 2
125 104 1
142 170 1
68 442 1
422 20 1
458 139 1
323 419 1
328 476 2
314 476 1
476 34 1
392 218 1
182 211 2
183 490 1
57 376 2
48 262 1
210 404 2
477 361 1
339 350 2
75 407 2
90 442 1
16 221 2
468 496 2
341 260 1
413 404 2
488 180 1
463 442 2
107 12 1
83 466 1
357 44 2
302 170 1
487 419 2
192 20 1
280 253 1
244 34 1
422 308 1
283 221 2
362 496 1
464 490 1
40 14 2
305 20 2
395 242 2
11 319 2
133 404 2
418 361 1
254 221 1
36 262 1
219 20 2
92 476 2
18 490 2
210 253 1
83 487 1
288 375 1
158 44 2
67 14 2
154 419 2
144 434 2
493 322 2
85 308 2
246 12 1
291 221 1
415 476 2
309 419 1
295 14 1
378 466 2
22 208 2
314 442 2
378 208 2
466 104 1
372 260 1
176 14 2
429 322 1
433 23 1
482 387 2
470 43 1
205 395 2
283 218 2
24 375 1
477 127 1
126 22 1
275 260 2
232 141 1
290 376 1
66 419 2
106 73 1
417 43 1
477 195 1
115 487 1
418 104 2
436 14 2
278 73 1
30 22 1
95 434 1
228 163 2
272 498 2
161 14 1
181 20 1
343 351 1
353 322 1
324 466 1
223 496 2
472 487 2
248 141 2
492 73 2
67 442 2
11 434 2
411 361 1
1 34 2
112 211 1
376 434 1
430 419 1
263 104 1
353 71 1
38 319 2
164 393 1
120 218 2
497 434 1
265 442 1
75 73 1
437 56 2
417 56 1
6 308 1
288 404 2
332 393 1
220 221 2
194 56 1
454 441 2
23 242 2
491 260 1
482 139 1
316 322 1
63 351 2
45 73 1
46 34 1
276 170 2
247 308 1
4 351 1
205 322 1
10 208 2
358 262 2
382 319 1
246 319 1
459 308 1
150 14 1
263 163 1
186 23 1
404 221 1
489 208 2
307 442 2
319 104 1
8 221 1
337 404 1
363 310 1
331 375 1
31 466 2
234 218 2
271 262 1
89 163 2
497 43 1
35 322 1
355 322 1
1 322 2
482 310 1
184 319 2
464 43 1
55 195 2
469 350 2
349 376 2
171 322 1
196 104 2
295 104 1
7 14 1
59 242 2
92 104 2
317 218 2
325 310 2
369 195 2
463 56 2
436 419 2
192 22 1
427 56 2
487 490 2
413 14 2
434 393 1
252 322 2
55 221 2
300 262 2
497 14 1
257 490 1
84 419 2
423 242 2
220 476 2
323 163 1
190 43 2
143 163 2
1 387 1
368 23 2
38 211 2
205 22 2
1 308 1
346 22 1
1 71 1
59 442 1
387 434 2
113 139 2
407 496 2
469 310 2
281 387 2
3 104 2
313 56 2
55 375 2
295 441 2
30 34 1
122 393 1
99 262 1
397 376 1
418 163 1
392 208 2
431 322 2
293 141 2
46 375 1
280 466 1
444 104 1
132 376 2
352 71 2
3 211 1
120 407 2
276 376 1
109 22 1
347 253 2
280 308 1
332 441 2
377 434 2
454 351 1
164 395 2
280 73 2
1 476 1
235 308 2
427 395 1
196 487 1
183 496 2
179 442 2
495 351 2
445 139 1
363 22 1
401 376 2
22 163 2
367 498 1
412 218 2
392 208 2
212 22 1
453 20 2
150 34 1
462 310 2
492 350 1
437 127 2
72 434 2
383 20 1
298 211 2
323 375 2
173 73 1
482 361 1
95 319 1
291 170 1
388 211 1
387 195 2
28 322 1
477 34 1
143 44 2
75 393 1
485 466 1
138 441 1
111 393 1
403 14 2
55 393 2
1 218 1
346 23 1
403 22 2
71 419 1
225 23 2
245 308 2
134 375 1
313 195 1
36 350 1
397 14 1
305 71 1
195 490 2
268 404 1
1 141 2
463 12 1
81 43 1
194 73 2
48 387 1
449 218 1
202 71 2
102 393 2
442 34 1
104 376 1
182 260 1
308 434 2
178 242 2
216 139 2
424 407 1
214 242 1
227 170 1
496 14 2
93 211 1
100 350 2
134 180 1
477 56 2
493 434 2
237 242 1
392 22 1
352 487 1
173 127 2
385 322 1
66 498 2
407 73 2
482 466 2
446 441 1
164 395 1
101 141 2
1 20 2
497 487 2
14 322 1
348 242 1
168 387 2
26 404 2
240 441 2
117 310 2
44 34 2
385 163 2
290 34 2
339 104 1
340 34 1
343 310 1
272 195 2
153 23 2
7 221 2
468 163 2
478 73 1
102 163 2
417 319 2
205 12 1
54 163 1
27 387 1
497 211 1
374 71 2
113 262 2
412 395 2
150 20 2
175 22 1
355 466 1
350 498 2
149 23 2
392 180 2
252 319 2
397 139 1
409 127 2
491 419 1
214 404 2
407 407 1
442 56 1
423 387 2
205 12 2
261 180 1
421 262 2
300 104 2
45 387 1
79 466 2
219 487 2
261 487 1
372 310 1
223 376 2
111 218 1
117 466 2
360 211 2
421 387 1
195 351 2
56 73 2
349 319 2
212 404 2
327 127 1
215 441 1
18 260 2
126 195 1
467 43 2
493 170 1
196 442 1
4 20 1
25 43 1
358 218 2
50 141 2
29 260 2
52 393 1
182 496 2
149 441 1
375 23 1
259 44 1
406 310 2
19 490 1
32 404 1
283 498 2
45 310 2
236 73 2
117 441 1
472 208 2
252 434 1
295 442 1
370 441 2
347 487 1
460 404 1
148 442 2
315 127 2
387 141 2
437 180 1
90 218 2
65 262 2
164 376 2
214 466 1
483 221 2
332 211 1
30 20 2
418 319 1
452 387 2
496 395 1
389 208 1
186 73 2
160 407 2
193 221 1
371 487 1
202 441 1
1 310 2
128 375 1
247 319 1
44 487 1
96 43 2
367 211 1
188 44 2
491 395 1
35 319 2
487 395 2
17 498 2
267 20 1
394 221 2
393 361 1
274 350 1
435 141 2
330 466 2
137 375 1
1 73 1
103 43 1
131 195 1
417 319 1
11 12 1
462 442 2
129 407 2
105 12 2
1 419 2
24 208 2
421 387 2
346 73 1
409 262 1
1 208 1
388 218 1
266 434 1
291 208 1
